0.000000000000000000 0.000000000000000000
0.025054931640625000 -0.167098999023437500
0.052780151367187500 -0.332984924316406250
0.082763671875000000 -0.497611999511718750
0.114929199218750000 -0.660923004150390625
0.149169921875000000 -0.822895050048828125
0.185409545898437500 -0.983489990234375000
0.223648071289062500 -1.142700195312500000
0.263824462890625000 -1.300518035888671875
0.305938720703125000 -1.456939697265625000
0.349929809570312500 -1.611976623535156250
0.395721435546875000 -1.765628814697265625
0.443359375000000000 -1.917900085449218750
0.492782592773437500 -2.068805694580078125
0.543930053710937500 -2.218330383300781250
0.596817016601562500 -2.366508483886718750
0.651412963867187500 -2.513324737548828125
0.707672119140625000 -2.658794403076171875
0.765609741210937500 -2.802913665771484375
0.825134277343750000 -2.945705413818359375
0.886291503906250000 -3.087158203125000000
0.948989868164062500 -3.227287292480468750
1.013290405273437500 -3.366085052490234375
1.079086303710937500 -3.503566741943359375
1.146362304687500000 -3.639728546142578125
1.215133666992187500 -3.774570465087890625
1.285415649414062500 -3.908111572265625000
1.357192993164062500 -4.040328979492187500
1.430358886718750000 -4.171234130859375000
1.504943847656250000 -4.300846099853515625
1.580932617187500000 -4.429145812988281250
1.658309936523437500 -4.556121826171875000
1.737030029296875000 -4.681797027587890625
1.811813354492187500 -4.809726715087890625
1.875671386718750000 -4.942207336425781250
1.933395385742187500 -5.076129913330078125
1.989089965820312500 -5.209842681884765625
2.043426513671875000 -5.342952728271484375
2.096588134765625000 -5.475311279296875000
2.148651123046875000 -5.606845855712890625
2.199645996093750000 -5.737552642822265625
2.249618530273437500 -5.867431640625000000
2.298568725585937500 -5.996505737304687500
2.346542358398437500 -6.124790191650390625
2.393524169921875000 -6.252311706542968750
2.439605712890625000 -6.379081726074218750
2.484725952148437500 -6.505161285400390625
2.528961181640625000 -6.630550384521484375
2.572341918945312500 -6.755283355712890625
2.614852905273437500 -6.879394531250000000
2.656524658203125000 -7.002899169921875000
2.697402954101562500 -7.125820159912109375
2.737487792968750000 -7.248180389404296875
2.776779174804687500 -7.369998931884765625
2.815292358398437500 -7.491310119628906250
2.853088378906250000 -7.612129211425781250
2.890151977539062500 -7.732467651367187500
2.926483154296875000 -7.852352142333984375
2.962142944335937500 -7.971801757812500000
2.997131347656250000 -8.090835571289062500
3.031433105468750000 -8.209468841552734375
3.065063476562500000 -8.327720642089843750
3.098052978515625000 -8.445610046386718750
3.130386352539062500 -8.563144683837890625
3.162124633789062500 -8.680332183837890625
3.193222045898437500 -8.797199249267578125
3.223754882812500000 -8.913753509521484375
3.253646850585937500 -9.030014038085937500
3.282989501953125000 -9.145996093750000000
3.311721801757812500 -9.261699676513671875
3.339904785156250000 -9.377143859863281250
3.367523193359375000 -9.492332458496093750
3.394577026367187500 -9.607284545898437500
3.402893066406250000 -9.722778320312500000
3.403945922851562500 -9.839527130126953125
3.404129028320312500 -9.958110809326171875
3.404083251953125000 -10.078868865966796875
3.403991699218750000 -10.201961517333984375
